0.0,11.4514,0.5809,0.0102,0.0263,0.0103,0.4582,0.0311,0.0099,0.0097,0.0434,0.0015,0.0006,0.0034,0.0033,0.0033,0.0033,0.0033,0.0007,0.0007,0.0007,0.0007,0.0007,0.0007,0.0012,0.0013,0.0011,0.0011,0.0012,0.0012,0.0012,0.0013,0.0011,0.0013,0.0012,0.0013,0.0012,0.0012,0.0012,0.0013,0.0012,0.0012,0.0013,0.0012,0.0013,0.0013,0.0011,0.0013,0.0014,0.0014,0.0011,0.0013,0.0012,0.0013,0.0013,0.0011,0.0012,0.0011,0.0012,0.0013,0.0013,0.0014,0.0015,0.0012,0.0013,0.0014,0.0014,0.0011,0.0013,0.0014,0.0013,0.0014,0.0013,0.0014,0.0013,0.0012,0.0014,0.0013,0.0014,0.0014,0.0013,0.0013,0.0015,0.0014,0.0012,0.0014,0.0012,0.0012,0.0013,0.0014,0.0013,0.0011,0.0011,0.0014,0.0014,0.0014,0.0014,0.0012,0.0013,0.0013,0.0011,0.0013,0.0014,0.001,0.0012,0.0013,0.0011,0.0012,0.0014,0.0012,0.0012,0.0011,0.0012,0.0011,0.0012,0.0012,0.0012,0.0012,0.0013,0.0014,0.0014,0.0012,0.0012,0.0012,0.0012,0.0014,0.0013,0.0012,0.0014,0.0014,0.0013,0.0013,0.001,0.0012,0.0012,0.0012,0.0012,0.0012,0.0013,0.0012,0.0013,0.0013,0.0012,0.0012,0.0012,0.0012,0.0012,0.0012,0.0012,0.0012,0.0011,0.0014,0.0011,0.0013,0.0012,0.0012,0.0015,0.0015,0.0014,0.0012,0.0012,0.0012,0.0011,0.0013,0.0015,0.0012,0.0014,0.0011,0.0012,0.0014,0.0014,0.0013,0.0013,0.0012,0.0012,0.0013,0.0012,0.0013,0.0012,0.0014,0.0013,0.0011,0.0012,0.0012,0.0012,0.0013,0.0013,0.0014,0.0015,0.0013,0.0012,0.0011,0.0012,0.0006,0.0006,0.0006,0.0006,0.0006,0.0006,0.0006,0.0006,0.0006,0.0006,0.0006,0.0006,0.0006,0.0006,0.0006,0.0006,0.0006,0.0006,0.0006,0.0006,0.0007,0.0006,0.0004,0.0002,0.0012,0.0006,0.0006,0.0006
11.4514,0.0,0.864,0.0108,0.0288,0.0109,0.716,0.0282,0.0104,0.0103,0.0491,0.0015,0.0006,0.0035,0.0034,0.0034,0.0034,0.0034,0.0007,0.0007,0.0007,0.0007,0.0007,0.0007,0.0013,0.0014,0.0011,0.0011,0.0013,0.0013,0.0013,0.0013,0.0011,0.0013,0.0012,0.0013,0.0013,0.0012,0.0013,0.0013,0.0012,0.0012,0.0014,0.0012,0.0013,0.0013,0.0012,0.0013,0.0014,0.0014,0.0011,0.0014,0.0013,0.0013,0.0013,0.0012,0.0012,0.0011,0.0012,0.0013,0.0014,0.0015,0.0015,0.0012,0.0013,0.0015,0.0014,0.0012,0.0014,0.0014,0.0014,0.0014,0.0013,0.0015,0.0013,0.0013,0.0014,0.0013,0.0014,0.0015,0.0014,0.0013,0.0015,0.0014,0.0013,0.0014,0.0013,0.0012,0.0013,0.0014,0.0013,0.0011,0.0011,0.0014,0.0014,0.0014,0.0014,0.0012,0.0014,0.0013,0.0012,0.0014,0.0014,0.001,0.0013,0.0013,0.0012,0.0012,0.0014,0.0012,0.0012,0.0011,0.0012,0.0011,0.0012,0.0013,0.0012,0.0012,0.0014,0.0014,0.0014,0.0013,0.0012,0.0013,0.0012,0.0014,0.0014,0.0013,0.0014,0.0014,0.0014,0.0014,0.001,0.0012,0.0012,0.0012,0.0012,0.0012,0.0013,0.0012,0.0013,0.0014,0.0013,0.0012,0.0012,0.0012,0.0012,0.0012,0.0012,0.0013,0.0011,0.0014,0.0011,0.0014,0.0012,0.0012,0.0015,0.0015,0.0014,0.0013,0.0012,0.0012,0.0011,0.0013,0.0015,0.0013,0.0014,0.0011,0.0012,0.0014,0.0014,0.0013,0.0013,0.0012,0.0012,0.0013,0.0012,0.0013,0.0013,0.0014,0.0013,0.0011,0.0012,0.0012,0.0013,0.0014,0.0013,0.0014,0.0015,0.0014,0.0012,0.0011,0.0013,0.0006,0.0006,0.0006,0.0006,0.0006,0.0006,0.0006,0.0006,0.0006,0.0006,0.0006,0.0006,0.0006,0.0006,0.0006,0.0006,0.0006,0.0006,0.0006,0.0006,0.0007,0.0006,0.0004,0.0002,0.0013,0.0007,0.0006,0.0006
0.5809,0.864,0.0,0.0134,0.0417,0.0135,1.4879,0.021,0.0128,0.0125,0.0784,0.0016,0.0006,0.004,0.0038,0.0038,0.0038,0.0038,0.0007,0.0007,0.0008,0.0008,0.0007,0.0007,0.0013,0.0014,0.0012,0.0012,0.0013,0.0013,0.0013,0.0014,0.0011,0.0013,0.0013,0.0013,0.0013,0.0013,0.0013,0.0013,0.0013,0.0012,0.0014,0.0013,0.0014,0.0014,0.0012,0.0013,0.0014,0.0015,0.0011,0.0014,0.0013,0.0013,0.0013,0.0012,0.0013,0.0012,0.0013,0.0014,0.0014,0.0015,0.0016,0.0013,0.0014,0.0015,0.0015,0.0012,0.0014,0.0015,0.0014,0.0015,0.0014,0.0015,0.0013,0.0013,0.0015,0.0014,0.0015,0.0015,0.0014,0.0014,0.0016,0.0015,0.0013,0.0015,0.0013,0.0013,0.0014,0.0015,0.0014,0.0012,0.0012,0.0015,0.0015,0.0015,0.0015,0.0013,0.0014,0.0013,0.0012,0.0014,0.0015,0.0011,0.0013,0.0014,0.0012,0.0012,0.0015,0.0012,0.0013,0.0011,0.0013,0.0012,0.0013,0.0013,0.0013,0.0013,0.0014,0.0015,0.0015,0.0013,0.0013,0.0013,0.0012,0.0015,0.0014,0.0013,0.0015,0.0015,0.0014,0.0014,0.0011,0.0013,0.0013,0.0013,0.0012,0.0013,0.0013,0.0013,0.0014,0.0014,0.0013,0.0012,0.0012,0.0013,0.0012,0.0012,0.0013,0.0013,0.0012,0.0015,0.0011,0.0014,0.0013,0.0013,0.0016,0.0016,0.0015,0.0013,0.0013,0.0012,0.0012,0.0014,0.0016,0.0013,0.0015,0.0011,0.0013,0.0015,0.0015,0.0014,0.0014,0.0013,0.0013,0.0014,0.0013,0.0013,0.0013,0.0015,0.0014,0.0011,0.0013,0.0013,0.0013,0.0014,0.0014,0.0015,0.0016,0.0014,0.0013,0.0011,0.0013,0.0007,0.0006,0.0006,0.0007,0.0007,0.0006,0.0007,0.0007,0.0006,0.0006,0.0006,0.0007,0.0006,0.0007,0.0006,0.0007,0.0007,0.0007,0.0007,0.0007,0.0008,0.0006,0.0004,0.0002,0.0013,0.0007,0.0006,0.0006
0.0102,0.0108,0.0134,0.0,0.0708,26.7068,0.0139,0.0041,3.8018,1.9739,0.0384,0.0029,0.001,0.0175,0.0162,0.0164,0.0163,0.0162,0.0012,0.0012,0.0013,0.0013,0.0012,0.0012,0.0026,0.0026,0.0022,0.0022,0.0025,0.0024,0.0025,0.0025,0.0021,0.0025,0.0024,0.0025,0.0025,0.0022,0.0023,0.0026,0.0024,0.0022,0.0026,0.0024,0.0026,0.0028,0.0023,0.0023,0.0026,0.0027,0.0021,0.0027,0.0024,0.0025,0.0025,0.0023,0.0024,0.0022,0.0024,0.0024,0.0025,0.0028,0.003,0.0023,0.0026,0.0028,0.0026,0.0023,0.0026,0.0028,0.0028,0.0028,0.0027,0.0028,0.0026,0.0023,0.0027,0.0028,0.0028,0.0028,0.0026,0.0027,0.0029,0.0028,0.0023,0.0028,0.0025,0.0023,0.0027,0.0028,0.0024,0.0021,0.0022,0.0027,0.0028,0.0027,0.0028,0.0023,0.0028,0.0025,0.0023,0.0025,0.0027,0.002,0.0023,0.0026,0.0023,0.0022,0.0028,0.0022,0.0023,0.0021,0.0023,0.0022,0.0024,0.0023,0.0023,0.0023,0.0027,0.0027,0.0028,0.0024,0.0023,0.0024,0.0022,0.0028,0.0029,0.0023,0.0028,0.0028,0.0029,0.0028,0.002,0.0023,0.0023,0.0024,0.0022,0.0023,0.0026,0.0024,0.0028,0.0026,0.0023,0.0023,0.0022,0.0024,0.0022,0.0022,0.0023,0.0023,0.0021,0.0027,0.0021,0.0027,0.0023,0.0023,0.0029,0.0029,0.0028,0.0024,0.0024,0.0023,0.0022,0.0026,0.0029,0.0024,0.0028,0.0021,0.0024,0.0027,0.0028,0.0028,0.0027,0.0023,0.0023,0.0026,0.0024,0.0024,0.0025,0.0028,0.0026,0.002,0.0024,0.0023,0.0024,0.0026,0.0025,0.0028,0.0029,0.0025,0.0024,0.0021,0.0023,0.0011,0.001,0.001,0.0011,0.0011,0.001,0.0011,0.0011,0.0011,0.0009,0.0011,0.0011,0.001,0.0011,0.001,0.0011,0.0011,0.0011,0.0011,0.0011,0.0013,0.001,0.0006,0.0002,0.0024,0.0012,0.001,0.001
0.0263,0.0288,0.0417,0.0708,0.0,0.0722,0.0431,0.0072,0.0625,0.0592,0.4809,0.0022,0.0008,0.0082,0.0077,0.0078,0.0078,0.0077,0.0009,0.001,0.001,0.001,0.0009,0.0009,0.0019,0.002,0.0016,0.0016,0.0019,0.0018,0.0019,0.0019,0.0016,0.0019,0.0018,0.0019,0.0018,0.0017,0.0018,0.0019,0.0018,0.0017,0.002,0.0018,0.002,0.002,0.0017,0.0018,0.002,0.002,0.0016,0.002,0.0018,0.0019,0.0019,0.0017,0.0018,0.0016,0.0018,0.0019,0.0019,0.0021,0.0022,0.0017,0.0019,0.0021,0.002,0.0017,0.002,0.0021,0.002,0.0021,0.002,0.0021,0.0019,0.0018,0.002,0.002,0.0021,0.0021,0.0019,0.002,0.0022,0.002,0.0018,0.0021,0.0018,0.0017,0.002,0.0021,0.0019,0.0016,0.0016,0.002,0.0021,0.002,0.0021,0.0017,0.002,0.0019,0.0017,0.0019,0.002,0.0015,0.0018,0.0019,0.0017,0.0017,0.0021,0.0017,0.0018,0.0016,0.0018,0.0016,0.0018,0.0018,0.0018,0.0017,0.002,0.002,0.0021,0.0018,0.0018,0.0018,0.0017,0.0021,0.0021,0.0018,0.0021,0.0021,0.0021,0.002,0.0015,0.0017,0.0017,0.0018,0.0017,0.0017,0.0019,0.0018,0.002,0.002,0.0018,0.0017,0.0017,0.0018,0.0017,0.0017,0.0017,0.0018,0.0016,0.002,0.0016,0.002,0.0018,0.0018,0.0022,0.0022,0.0021,0.0018,0.0018,0.0017,0.0016,0.0019,0.0022,0.0018,0.0021,0.0016,0.0018,0.002,0.0021,0.002,0.002,0.0017,0.0017,0.0019,0.0018,0.0018,0.0018,0.0021,0.0019,0.0015,0.0018,0.0017,0.0018,0.0019,0.0019,0.002,0.0022,0.0019,0.0018,0.0016,0.0018,0.0009,0.0008,0.0008,0.0009,0.0009,0.0008,0.0009,0.0009,0.0008,0.0008,0.0008,0.0009,0.0008,0.0009,0.0008,0.0009,0.0009,0.0009,0.0009,0.0009,0.001,0.0008,0.0005,0.0002,0.0018,0.0009,0.0008,0.0008
0.0103,0.0109,0.0135,26.7068,0.0722,0.0,0.0139,0.0042,2.0204,1.2294,0.0387,0.0028,0.001,0.0177,0.0163,0.0166,0.0165,0.0164,0.0012,0.0012,0.0013,0.0013,0.0012,0.0012,0.0025,0.0026,0.0021,0.0022,0.0025,0.0024,0.0025,0.0025,0.0021,0.0025,0.0024,0.0025,0.0025,0.0022,0.0023,0.0026,0.0024,0.0022,0.0026,0.0024,0.0026,0.0027,0.0023,0.0023,0.0026,0.0026,0.0021,0.0027,0.0023,0.0025,0.0024,0.0023,0.0024,0.0022,0.0024,0.0024,0.0025,0.0027,0.0029,0.0023,0.0026,0.0028,0.0026,0.0023,0.0025,0.0027,0.0028,0.0028,0.0027,0.0028,0.0025,0.0023,0.0027,0.0028,0.0027,0.0028,0.0025,0.0027,0.0029,0.0027,0.0023,0.0027,0.0025,0.0023,0.0026,0.0028,0.0024,0.0021,0.0021,0.0026,0.0028,0.0027,0.0028,0.0023,0.0028,0.0025,0.0023,0.0025,0.0027,0.002,0.0023,0.0026,0.0023,0.0022,0.0028,0.0022,0.0023,0.0021,0.0023,0.0021,0.0024,0.0023,0.0023,0.0023,0.0026,0.0026,0.0027,0.0024,0.0023,0.0023,0.0022,0.0027,0.0028,0.0023,0.0028,0.0027,0.0028,0.0028,0.002,0.0023,0.0023,0.0023,0.0022,0.0023,0.0026,0.0024,0.0028,0.0025,0.0023,0.0022,0.0022,0.0024,0.0022,0.0022,0.0023,0.0023,0.0021,0.0026,0.0021,0.0027,0.0023,0.0023,0.0029,0.0028,0.0028,0.0023,0.0024,0.0022,0.0022,0.0025,0.0028,0.0023,0.0028,0.0021,0.0023,0.0027,0.0028,0.0027,0.0027,0.0023,0.0023,0.0026,0.0024,0.0024,0.0025,0.0027,0.0026,0.002,0.0023,0.0023,0.0024,0.0025,0.0025,0.0027,0.0028,0.0025,0.0023,0.0021,0.0023,0.0011,0.001,0.001,0.0011,0.0011,0.001,0.0011,0.0011,0.0011,0.0009,0.0011,0.0011,0.001,0.0011,0.001,0.0011,0.0011,0.0011,0.0011,0.0011,0.0013,0.001,0.0006,0.0002,0.0024,0.0011,0.001,0.001
0.4582,0.716,1.4879,0.0139,0.0431,0.0139,0.0,0.0197,0.0134,0.0131,0.0864,0.0017,0.0006,0.004,0.0038,0.0039,0.0038,0.0038,0.0007,0.0007,0.0007,0.0008,0.0007,0.0007,0.0014,0.0015,0.0012,0.0012,0.0014,0.0014,0.0014,0.0014,0.0012,0.0014,0.0013,0.0014,0.0014,0.0013,0.0014,0.0014,0.0013,0.0013,0.0015,0.0014,0.0015,0.0015,0.0013,0.0014,0.0015,0.0015,0.0012,0.0015,0.0014,0.0014,0.0014,0.0013,0.0013,0.0012,0.0013,0.0014,0.0015,0.0016,0.0017,0.0013,0.0014,0.0016,0.0015,0.0013,0.0015,0.0016,0.0015,0.0015,0.0014,0.0016,0.0014,0.0014,0.0015,0.0015,0.0016,0.0016,0.0015,0.0014,0.0017,0.0015,0.0014,0.0016,0.0014,0.0013,0.0015,0.0015,0.0014,0.0012,0.0012,0.0015,0.0016,0.0015,0.0016,0.0013,0.0015,0.0014,0.0013,0.0015,0.0015,0.0011,0.0014,0.0014,0.0013,0.0013,0.0015,0.0013,0.0014,0.0012,0.0013,0.0012,0.0013,0.0014,0.0013,0.0013,0.0015,0.0015,0.0016,0.0014,0.0014,0.0014,0.0013,0.0016,0.0015,0.0014,0.0016,0.0016,0.0015,0.0015,0.0011,0.0013,0.0013,0.0013,0.0013,0.0013,0.0014,0.0013,0.0015,0.0015,0.0014,0.0013,0.0013,0.0013,0.0013,0.0013,0.0013,0.0014,0.0012,0.0015,0.0012,0.0015,0.0013,0.0013,0.0016,0.0016,0.0016,0.0014,0.0013,0.0013,0.0012,0.0014,0.0016,0.0014,0.0016,0.0012,0.0013,0.0015,0.0015,0.0015,0.0014,0.0013,0.0013,0.0014,0.0013,0.0014,0.0014,0.0016,0.0014,0.0012,0.0013,0.0013,0.0014,0.0015,0.0014,0.0015,0.0016,0.0015,0.0013,0.0012,0.0014,0.0007,0.0006,0.0006,0.0007,0.0007,0.0006,0.0007,0.0007,0.0007,0.0006,0.0006,0.0007,0.0006,0.0007,0.0006,0.0007,0.0007,0.0007,0.0007,0.0007,0.0008,0.0006,0.0004,0.0002,0.0014,0.0007,0.0006,0.0006
0.0311,0.0282,0.021,0.0041,0.0072,0.0042,0.0197,0.0,0.004,0.004,0.0092,0.0011,0.0005,0.002,0.0019,0.0019,0.0019,0.0019,0.0005,0.0005,0.0005,0.0005,0.0005,0.0005,0.0009,0.0009,0.0008,0.0008,0.0009,0.0009,0.0009,0.0009,0.0008,0.0009,0.0009,0.0009,0.0009,0.0009,0.0009,0.0009,0.0008,0.0008,0.001,0.0009,0.0009,0.0009,0.0008,0.0009,0.001,0.001,0.0008,0.0009,0.0009,0.0009,0.0009,0.0008,0.0008,0.0008,0.0008,0.0009,0.0009,0.001,0.001,0.0008,0.0009,0.001,0.001,0.0008,0.0009,0.001,0.0009,0.0009,0.0009,0.001,0.0009,0.0009,0.001,0.0009,0.001,0.001,0.0009,0.0009,0.001,0.001,0.0009,0.001,0.0009,0.0008,0.0009,0.001,0.0009,0.0008,0.0008,0.001,0.001,0.001,0.001,0.0008,0.0009,0.0009,0.0008,0.0009,0.001,0.0007,0.0009,0.0009,0.0008,0.0008,0.001,0.0008,0.0009,0.0008,0.0009,0.0008,0.0009,0.0009,0.0009,0.0008,0.0009,0.001,0.001,0.0009,0.0009,0.0009,0.0008,0.001,0.0009,0.0009,0.001,0.001,0.0009,0.0009,0.0007,0.0008,0.0008,0.0008,0.0008,0.0009,0.0009,0.0008,0.0009,0.0009,0.0009,0.0008,0.0008,0.0008,0.0008,0.0008,0.0009,0.0009,0.0008,0.001,0.0008,0.0009,0.0009,0.0009,0.001,0.001,0.001,0.0009,0.0008,0.0008,0.0008,0.0009,0.001,0.0009,0.001,0.0008,0.0009,0.001,0.001,0.0009,0.0009,0.0009,0.0008,0.0009,0.0009,0.0009,0.0009,0.001,0.0009,0.0008,0.0008,0.0008,0.0009,0.0009,0.0009,0.001,0.001,0.0009,0.0008,0.0008,0.0009,0.0005,0.0005,0.0004,0.0005,0.0005,0.0005,0.0005,0.0005,0.0005,0.0004,0.0005,0.0005,0.0004,0.0005,0.0005,0.0005,0.0005,0.0005,0.0005,0.0005,0.0005,0.0004,0.0003,0.0002,0.0009,0.0005,0.0004,0.0005
0.0099,0.0104,0.0128,3.8018,0.0625,2.0204,0.0134,0.004,0.0,25.2579,0.0359,0.003,0.001,0.0173,0.0161,0.0163,0.0162,0.0161,0.0012,0.0012,0.0013,0.0013,0.0012,0.0012,0.0027,0.0027,0.0023,0.0023,0.0026,0.0025,0.0026,0.0027,0.0022,0.0026,0.0025,0.0026,0.0026,0.0023,0.0025,0.0027,0.0025,0.0023,0.0027,0.0025,0.0028,0.0029,0.0024,0.0025,0.0028,0.0028,0.0022,0.0028,0.0025,0.0026,0.0026,0.0024,0.0025,0.0023,0.0025,0.0026,0.0027,0.0029,0.0031,0.0024,0.0027,0.003,0.0028,0.0024,0.0027,0.0029,0.003,0.0029,0.0028,0.003,0.0027,0.0024,0.0029,0.0029,0.0029,0.003,0.0027,0.0028,0.0031,0.0029,0.0024,0.0029,0.0026,0.0024,0.0028,0.003,0.0026,0.0022,0.0023,0.0028,0.003,0.0028,0.003,0.0024,0.003,0.0026,0.0024,0.0027,0.0028,0.002,0.0024,0.0027,0.0024,0.0023,0.0029,0.0023,0.0024,0.0022,0.0024,0.0023,0.0025,0.0024,0.0024,0.0024,0.0028,0.0028,0.0029,0.0025,0.0025,0.0025,0.0023,0.0029,0.003,0.0024,0.003,0.0029,0.003,0.003,0.0021,0.0024,0.0024,0.0025,0.0023,0.0024,0.0027,0.0025,0.0029,0.0027,0.0024,0.0024,0.0023,0.0025,0.0023,0.0023,0.0024,0.0024,0.0022,0.0028,0.0022,0.0028,0.0024,0.0024,0.0031,0.003,0.003,0.0025,0.0025,0.0024,0.0023,0.0027,0.003,0.0025,0.003,0.0022,0.0025,0.0028,0.0029,0.0029,0.0028,0.0024,0.0024,0.0027,0.0025,0.0025,0.0026,0.0029,0.0027,0.0021,0.0025,0.0024,0.0025,0.0027,0.0026,0.0029,0.003,0.0027,0.0025,0.0022,0.0024,0.0011,0.001,0.001,0.0011,0.0011,0.001,0.0011,0.0011,0.0011,0.001,0.0011,0.0011,0.001,0.0011,0.001,0.0011,0.0011,0.0011,0.0011,0.0011,0.0014,0.001,0.0006,0.0002,0.0025,0.0012,0.001,0.001
0.0097,0.0103,0.0125,1.9739,0.0592,1.2294,0.0131,0.004,25.2579,0.0,0.0347,0.0031,0.001,0.0172,0.0161,0.0162,0.0162,0.0161,0.0012,0.0012,0.0013,0.0013,0.0012,0.0012,0.0027,0.0028,0.0023,0.0023,0.0026,0.0026,0.0027,0.0027,0.0022,0.0027,0.0025,0.0027,0.0027,0.0024,0.0025,0.0028,0.0025,0.0024,0.0028,0.0026,0.0028,0.003,0.0024,0.0025,0.0028,0.0028,0.0022,0.0029,0.0025,0.0027,0.0026,0.0024,0.0025,0.0023,0.0025,0.0026,0.0027,0.003,0.0032,0.0025,0.0028,0.003,0.0028,0.0024,0.0028,0.003,0.003,0.003,0.0029,0.003,0.0027,0.0025,0.0029,0.003,0.003,0.003,0.0027,0.0029,0.0032,0.003,0.0025,0.003,0.0027,0.0024,0.0028,0.003,0.0026,0.0023,0.0023,0.0029,0.003,0.0029,0.003,0.0025,0.003,0.0027,0.0024,0.0027,0.0029,0.0021,0.0025,0.0028,0.0024,0.0024,0.003,0.0024,0.0025,0.0022,0.0025,0.0023,0.0025,0.0025,0.0024,0.0025,0.0028,0.0028,0.003,0.0026,0.0025,0.0025,0.0024,0.003,0.0031,0.0025,0.003,0.003,0.0031,0.003,0.0021,0.0024,0.0025,0.0025,0.0024,0.0024,0.0028,0.0025,0.003,0.0028,0.0025,0.0024,0.0024,0.0025,0.0024,0.0024,0.0024,0.0025,0.0022,0.0028,0.0022,0.0029,0.0024,0.0024,0.0031,0.0031,0.003,0.0025,0.0025,0.0024,0.0023,0.0028,0.0031,0.0025,0.003,0.0022,0.0025,0.0029,0.003,0.003,0.0029,0.0024,0.0025,0.0028,0.0025,0.0026,0.0027,0.003,0.0028,0.0022,0.0025,0.0025,0.0026,0.0027,0.0027,0.003,0.0031,0.0027,0.0025,0.0022,0.0025,0.0011,0.001,0.001,0.0011,0.0011,0.001,0.0011,0.0011,0.0011,0.001,0.0011,0.0011,0.001,0.0011,0.001,0.0011,0.0011,0.0011,0.0011,0.0011,0.0014,0.001,0.0006,0.0002,0.0026,0.0012,0.001,0.001
0.0434,0.0491,0.0784,0.0384,0.4809,0.0387,0.0864,0.0092,0.0359,0.0347,0.0,0.0021,0.0007,0.0064,0.0061,0.0062,0.0061,0.0061,0.0009,0.0009,0.0009,0.0009,0.0009,0.0009,0.0017,0.0018,0.0015,0.0015,0.0017,0.0017,0.0017,0.0018,0.0015,0.0017,0.0017,0.0017,0.0017,0.0016,0.0017,0.0018,0.0016,0.0016,0.0018,0.0017,0.0018,0.0019,0.0016,0.0017,0.0019,0.0019,0.0015,0.0019,0.0017,0.0017,0.0017,0.0016,0.0016,0.0015,0.0016,0.0018,0.0018,0.002,0.0021,0.0016,0.0018,0.002,0.0019,0.0016,0.0018,0.0019,0.0019,0.0019,0.0018,0.002,0.0017,0.0017,0.0019,0.0019,0.0019,0.002,0.0018,0.0018,0.0021,0.0019,0.0017,0.002,0.0017,0.0016,0.0018,0.0019,0.0017,0.0015,0.0015,0.0019,0.002,0.0019,0.002,0.0016,0.0019,0.0017,0.0016,0.0018,0.0019,0.0014,0.0017,0.0018,0.0016,0.0016,0.0019,0.0016,0.0017,0.0015,0.0016,0.0015,0.0017,0.0017,0.0016,0.0016,0.0018,0.0019,0.0019,0.0017,0.0017,0.0017,0.0016,0.0019,0.0019,0.0017,0.0019,0.0019,0.0019,0.0019,0.0014,0.0016,0.0016,0.0016,0.0016,0.0016,0.0018,0.0016,0.0019,0.0018,0.0017,0.0016,0.0016,0.0016,0.0016,0.0016,0.0016,0.0017,0.0015,0.0019,0.0015,0.0019,0.0016,0.0016,0.002,0.002,0.002,0.0017,0.0016,0.0016,0.0015,0.0018,0.002,0.0017,0.002,0.0015,0.0016,0.0019,0.0019,0.0018,0.0018,0.0016,0.0016,0.0018,0.0017,0.0017,0.0017,0.0019,0.0018,0.0014,0.0016,0.0016,0.0017,0.0018,0.0018,0.0019,0.002,0.0018,0.0016,0.0015,0.0017,0.0008,0.0008,0.0007,0.0008,0.0008,0.0007,0.0008,0.0008,0.0008,0.0007,0.0008,0.0008,0.0007,0.0008,0.0008,0.0008,0.0008,0.0008,0.0008,0.0008,0.001,0.0007,0.0005,0.0002,0.0017,0.0008,0.0007,0.0007
0.0015,0.0015,0.0016,0.0029,0.0022,0.0028,0.0017,0.0011,0.003,0.0031,0.0021,0.0,0.0019,0.003,0.0031,0.003,0.0031,0.0031,0.0012,0.0012,0.0013,0.0013,0.0012,0.0012,0.0299,0.2088,0.0196,0.0197,0.0432,0.0695,0.0435,0.066,0.0185,0.0444,0.0375,0.0453,0.0301,0.0623,0.1005,0.0292,0.0293,0.0473,0.207,0.0396,0.0814,0.0277,0.021,0.1258,0.1924,0.2094,0.0185,0.0872,0.0671,0.0423,0.055,0.0209,0.0261,0.0197,0.0255,0.1579,0.1719,0.7279,0.5479,0.0364,0.0295,0.3497,0.2104,0.0209,0.2006,0.227,0.0267,0.0599,0.0285,0.9063,0.0298,0.1048,0.166,0.0274,0.223,0.5646,0.1714,0.0283,0.4994,0.0893,0.1083,0.3936,0.0301,0.0353,0.0711,0.0748,0.134,0.0137,0.0196,0.1958,0.1685,0.2106,0.1669,0.034,0.0268,0.0445,0.0208,0.1932,0.2147,0.0129,0.1046,0.0295,0.0211,0.0474,0.0738,0.048,0.0654,0.0185,0.0767,0.0194,0.038,0.1012,0.0793,0.034,0.0834,0.2101,0.1642,0.0702,0.066,0.0674,0.0478,0.1645,0.0262,0.1021,0.0914,0.1647,0.0266,0.0269,0.0128,0.0381,0.0373,0.0356,0.0474,0.0724,0.0297,0.0293,0.0274,0.2021,0.103,0.0366,0.0474,0.0275,0.0477,0.048,0.0736,0.0909,0.0186,0.2128,0.0179,0.0563,0.0763,0.0753,0.5237,1.0549,0.166,0.0676,0.0266,0.036,0.0196,0.0674,0.8763,0.1068,0.1652,0.0178,0.0358,0.1747,0.0898,0.0275,0.0289,0.0702,0.0337,0.0294,0.038,0.0706,0.0302,0.1653,0.0294,0.0162,0.0322,0.0343,0.0701,0.1721,0.0556,0.0892,0.6511,0.1933,0.0322,0.0179,0.1155,0.0017,0.0018,0.0017,0.0017,0.0017,0.0019,0.002,0.0016,0.0016,0.0017,0.0016,0.0017,0.0017,0.0017,0.0019,0.0017,0.0016,0.0016,0.0017,0.0017,0.002,0.0011,0.0007,0.0002,0.0709,0.0018,0.001,0.0019
0.0006,0.0006,0.0006,0.001,0.0008,0.001,0.0006,0.0005,0.001,0.001,0.0007,0.0019,0.0,0.0016,0.0016,0.0016,0.0016,0.0016,0.0065,0.0054,0.0063,0.0064,0.0063,0.0062,0.0034,0.0023,0.004,0.0039,0.003,0.0027,0.003,0.0027,0.004,0.003,0.0031,0.003,0.0034,0.0026,0.0024,0.0034,0.0034,0.0028,0.0023,0.0031,0.0026,0.0034,0.0039,0.0023,0.0023,0.0023,0.004,0.0026,0.0027,0.003,0.0028,0.0039,0.0035,0.004,0.0036,0.0023,0.0023,0.0021,0.0021,0.0031,0.0034,0.0022,0.0023,0.0039,0.0023,0.0023,0.0034,0.0028,0.0034,0.0021,0.0034,0.0024,0.0024,0.0034,0.0023,0.0021,0.0023,0.0034,0.0021,0.0026,0.0024,0.0022,0.0034,0.0032,0.0027,0.0027,0.0024,0.0048,0.004,0.0023,0.0024,0.0023,0.0024,0.0032,0.0034,0.003,0.0039,0.0023,0.0023,0.0049,0.0024,0.0034,0.0039,0.0028,0.0027,0.0028,0.0027,0.004,0.0026,0.004,0.0031,0.0024,0.0025,0.0032,0.0026,0.0023,0.0024,0.0027,0.0027,0.0027,0.0028,0.0024,0.0034,0.0024,0.0026,0.0024,0.0034,0.0034,0.005,0.0031,0.0031,0.0032,0.0028,0.0026,0.0034,0.0034,0.0034,0.0023,0.0024,0.0031,0.0028,0.0035,0.0028,0.0028,0.0026,0.0025,0.004,0.0023,0.0041,0.0028,0.0026,0.0026,0.0021,0.0021,0.0024,0.0027,0.0035,0.0031,0.004,0.0027,0.0021,0.0024,0.0024,0.0041,0.0032,0.0024,0.0026,0.0034,0.0034,0.0026,0.0032,0.0034,0.0031,0.0027,0.0034,0.0024,0.0034,0.0043,0.0033,0.0032,0.0027,0.0023,0.0028,0.0026,0.0021,0.0023,0.0033,0.0041,0.0024,0.0541,0.5992,0.4901,0.0543,0.0502,3374.5184,0.8095,0.0504,0.0546,0.4627,0.0633,0.0506,0.4716,0.0529,6.3668,0.0507,0.0514,0.0525,0.0508,0.0505,0.027,0.0066,0.0041,0.0002,0.0027,0.0519,0.0056,2053.6484
0.0034,0.0035,0.004,0.0175,0.0082,0.0177,0.004,0.002,0.0173,0.0172,0.0064,0.003,0.0016,0.0,3.2465,8.3284,5.196,4.1047,0.0021,0.0022,0.0023,0.0023,0.0021,0.0021,0.0034,0.0029,0.0029,0.0029,0.0031,0.0029,0.0031,0.0031,0.0028,0.0032,0.003,0.0032,0.0033,0.0026,0.0027,0.0035,0.0031,0.0027,0.0029,0.0031,0.0032,0.0038,0.0031,0.0026,0.003,0.003,0.0028,0.0033,0.0028,0.0032,0.003,0.0031,0.0032,0.0029,0.0032,0.0028,0.0029,0.003,0.0033,0.0029,0.0035,0.0031,0.003,0.0031,0.0029,0.0031,0.0039,0.0035,0.0037,0.003,0.0034,0.0027,0.0031,0.0038,0.0031,0.0031,0.0029,0.0037,0.0032,0.0033,0.0027,0.0031,0.0033,0.0029,0.0032,0.0034,0.0028,0.0031,0.0029,0.003,0.0032,0.0031,0.0032,0.003,0.0039,0.0032,0.0031,0.0029,0.0031,0.0028,0.0027,0.0035,0.0031,0.0027,0.0034,0.0027,0.0028,0.0028,0.0027,0.0029,0.003,0.0027,0.0027,0.003,0.0032,0.003,0.0032,0.0029,0.0028,0.0028,0.0027,0.0032,0.004,0.0027,0.0034,0.0032,0.004,0.0039,0.0028,0.0029,0.0029,0.003,0.0027,0.0027,0.0035,0.0031,0.0038,0.0029,0.0027,0.0028,0.0027,0.0032,0.0027,0.0027,0.0027,0.0027,0.0028,0.003,0.0028,0.0034,0.0027,0.0027,0.0032,0.0031,0.0032,0.0028,0.0032,0.0029,0.0029,0.0031,0.0031,0.0027,0.0032,0.0028,0.003,0.0031,0.0034,0.0038,0.0037,0.0027,0.003,0.0035,0.003,0.0029,0.0033,0.0032,0.0035,0.0028,0.003,0.0029,0.0029,0.0029,0.0031,0.0033,0.0031,0.0029,0.0031,0.0028,0.0026,0.0018,0.0016,0.0015,0.0018,0.0018,0.0016,0.0017,0.0018,0.0018,0.0015,0.0017,0.0018,0.0015,0.0019,0.0016,0.0018,0.0018,0.0018,0.0018,0.0018,0.0024,0.0016,0.0009,0.0003,0.0029,0.0019,0.0016,0.0016
0.0033,0.0034,0.0038,0.0162,0.0077,0.0163,0.0038,0.0019,0.0161,0.0161,0.0061,0.0031,0.0016,3.2465,0.0,19.2671,65.5759,229.479,0.0022,0.0023,0.0024,0.0024,0.0022,0.0022,0.0036,0.0031,0.0031,0.0031,0.0033,0.003,0.0033,0.0033,0.003,0.0033,0.0032,0.0034,0.0035,0.0028,0.0028,0.0037,0.0033,0.0028,0.0031,0.0032,0.0033,0.0041,0.0033,0.0028,0.0031,0.0032,0.003,0.0034,0.003,0.0034,0.0032,0.0033,0.0034,0.0031,0.0034,0.0029,0.003,0.0032,0.0034,0.0031,0.0037,0.0033,0.0031,0.0033,0.0031,0.0033,0.0042,0.0037,0.0039,0.0032,0.0036,0.0028,0.0033,0.0041,0.0033,0.0033,0.003,0.0039,0.0034,0.0035,0.0028,0.0032,0.0035,0.0031,0.0034,0.0036,0.0029,0.0033,0.0031,0.0032,0.0034,0.0032,0.0034,0.0031,0.0042,0.0033,0.0033,0.003,0.0032,0.0029,0.0028,0.0037,0.0033,0.0028,0.0036,0.0028,0.0029,0.003,0.0028,0.0031,0.0032,0.0028,0.0028,0.0031,0.0034,0.0032,0.0034,0.003,0.0029,0.0029,0.0028,0.0034,0.0043,0.0028,0.0036,0.0034,0.0042,0.0042,0.003,0.003,0.0031,0.0032,0.0028,0.0028,0.0037,0.0033,0.0041,0.0031,0.0028,0.003,0.0028,0.0033,0.0028,0.0028,0.0028,0.0028,0.003,0.0032,0.003,0.0036,0.0028,0.0028,0.0034,0.0032,0.0034,0.0029,0.0034,0.003,0.0031,0.0033,0.0033,0.0028,0.0034,0.003,0.0032,0.0033,0.0036,0.0041,0.0039,0.0028,0.0031,0.0037,0.0032,0.0031,0.0035,0.0034,0.0037,0.0029,0.0032,0.0031,0.003,0.003,0.0033,0.0035,0.0033,0.003,0.0032,0.003,0.0028,0.0019,0.0017,0.0016,0.0019,0.0019,0.0016,0.0018,0.0019,0.0018,0.0015,0.0018,0.0019,0.0015,0.0019,0.0017,0.0019,0.0019,0.0019,0.0019,0.0019,0.0025,0.0017,0.0009,0.0003,0.003,0.002,0.0017,0.0016
0.0033,0.0034,0.0038,0.0164,0.0078,0.0166,0.0039,0.0019,0.0163,0.0162,0.0062,0.003,0.0016,8.3284,19.2671,0.0,91.7838,38.1741,0.0022,0.0023,0.0024,0.0024,0.0022,0.0022,0.0035,0.003,0.003,0.003,0.0032,0.003,0.0032,0.0032,0.0029,0.0033,0.0031,0.0033,0.0034,0.0027,0.0028,0.0036,0.0032,0.0028,0.003,0.0032,0.0032,0.0039,0.0032,0.0027,0.003,0.0031,0.0029,0.0034,0.0029,0.0033,0.0031,0.0032,0.0033,0.003,0.0033,0.0028,0.003,0.0031,0.0033,0.003,0.0036,0.0032,0.0031,0.0032,0.003,0.0032,0.0041,0.0036,0.0038,0.0031,0.0035,0.0027,0.0032,0.004,0.0032,0.0032,0.003,0.0038,0.0033,0.0034,0.0027,0.0031,0.0034,0.003,0.0033,0.0035,0.0029,0.0032,0.003,0.0031,0.0033,0.0031,0.0033,0.0031,0.0041,0.0033,0.0032,0.0029,0.0032,0.0028,0.0027,0.0036,0.0032,0.0028,0.0035,0.0028,0.0029,0.0029,0.0028,0.003,0.0031,0.0027,0.0027,0.0031,0.0033,0.0031,0.0033,0.003,0.0029,0.0029,0.0028,0.0033,0.0041,0.0027,0.0035,0.0033,0.0041,0.004,0.0029,0.003,0.003,0.0031,0.0028,0.0027,0.0036,0.0032,0.004,0.003,0.0027,0.0029,0.0028,0.0033,0.0028,0.0028,0.0027,0.0027,0.0029,0.0031,0.0029,0.0035,0.0028,0.0028,0.0033,0.0032,0.0033,0.0029,0.0033,0.003,0.003,0.0032,0.0032,0.0028,0.0033,0.0029,0.0031,0.0032,0.0035,0.0039,0.0038,0.0028,0.0031,0.0036,0.0031,0.003,0.0034,0.0033,0.0036,0.0029,0.0031,0.003,0.003,0.003,0.0032,0.0034,0.0032,0.0029,0.0032,0.0029,0.0027,0.0019,0.0017,0.0015,0.0019,0.0019,0.0016,0.0018,0.0018,0.0018,0.0015,0.0018,0.0019,0.0015,0.0019,0.0016,0.0019,0.0018,0.0018,0.0019,0.0019,0.0025,0.0017,0.0009,0.0003,0.003,0.002,0.0017,0.0016
0.0033,0.0034,0.0038,0.0163,0.0078,0.0165,0.0038,0.0019,0.0162,0.0162,0.0061,0.0031,0.0016,5.196,65.5759,91.7838,0.0,300.8761,0.0022,0.0023,0.0024,0.0024,0.0022,0.0022,0.0036,0.003,0.0031,0.0031,0.0033,0.003,0.0033,0.0032,0.0029,0.0033,0.0032,0.0033,0.0035,0.0027,0.0028,0.0036,0.0033,0.0028,0.0031,0.0032,0.0033,0.004,0.0032,0.0027,0.0031,0.0031,0.0029,0.0034,0.0029,0.0033,0.0032,0.0032,0.0033,0.0031,0.0033,0.0029,0.003,0.0031,0.0034,0.0031,0.0037,0.0033,0.0031,0.0032,0.003,0.0033,0.0041,0.0036,0.0038,0.0031,0.0036,0.0028,0.0032,0.004,0.0033,0.0032,0.003,0.0039,0.0034,0.0035,0.0028,0.0032,0.0035,0.003,0.0034,0.0036,0.0029,0.0032,0.0031,0.0032,0.0034,0.0032,0.0034,0.0031,0.0041,0.0033,0.0032,0.003,0.0032,0.0029,0.0028,0.0037,0.0032,0.0028,0.0036,0.0028,0.0029,0.0029,0.0028,0.0031,0.0032,0.0027,0.0028,0.0031,0.0033,0.0031,0.0033,0.003,0.0029,0.0029,0.0028,0.0033,0.0042,0.0028,0.0035,0.0033,0.0042,0.0041,0.003,0.003,0.003,0.0031,0.0028,0.0028,0.0036,0.0033,0.004,0.003,0.0028,0.003,0.0028,0.0033,0.0028,0.0028,0.0028,0.0028,0.003,0.0031,0.0029,0.0035,0.0028,0.0028,0.0033,0.0032,0.0034,0.0029,0.0033,0.003,0.0031,0.0033,0.0032,0.0028,0.0034,0.0029,0.0031,0.0032,0.0035,0.004,0.0038,0.0028,0.0031,0.0037,0.0032,0.003,0.0035,0.0033,0.0037,0.0029,0.0032,0.0031,0.003,0.003,0.0032,0.0035,0.0033,0.003,0.0032,0.0029,0.0027,0.0019,0.0017,0.0015,0.0019,0.0019,0.0016,0.0018,0.0018,0.0018,0.0015,0.0018,0.0019,0.0015,0.0019,0.0017,0.0019,0.0019,0.0018,0.0019,0.0019,0.0025,0.0017,0.0009,0.0003,0.003,0.002,0.0017,0.0016
0.0033,0.0034,0.0038,0.0162,0.0077,0.0164,0.0038,0.0019,0.0161,0.0161,0.0061,0.0031,0.0016,4.1047,229.479,38.1741,300.8761,0.0,0.0022,0.0023,0.0024,0.0024,0.0022,0.0022,0.0036,0.003,0.0031,0.0031,0.0033,0.003,0.0033,0.0032,0.0029,0.0033,0.0032,0.0033,0.0035,0.0028,0.0028,0.0037,0.0033,0.0028,0.0031,0.0032,0.0033,0.004,0.0033,0.0028,0.0031,0.0031,0.003,0.0034,0.0029,0.0034,0.0032,0.0033,0.0033,0.0031,0.0033,0.0029,0.003,0.0032,0.0034,0.0031,0.0037,0.0033,0.0031,0.0033,0.003,0.0033,0.0042,0.0037,0.0039,0.0032,0.0036,0.0028,0.0033,0.004,0.0033,0.0032,0.003,0.0039,0.0034,0.0035,0.0028,0.0032,0.0035,0.003,0.0034,0.0036,0.0029,0.0032,0.0031,0.0032,0.0034,0.0032,0.0034,0.0031,0.0041,0.0033,0.0033,0.003,0.0032,0.0029,0.0028,0.0037,0.0033,0.0028,0.0036,0.0028,0.0029,0.003,0.0028,0.0031,0.0032,0.0028,0.0028,0.0031,0.0033,0.0031,0.0034,0.003,0.0029,0.0029,0.0028,0.0034,0.0042,0.0028,0.0036,0.0034,0.0042,0.0041,0.003,0.003,0.0031,0.0032,0.0028,0.0028,0.0036,0.0033,0.004,0.003,0.0028,0.003,0.0028,0.0033,0.0028,0.0028,0.0028,0.0028,0.003,0.0031,0.003,0.0035,0.0028,0.0028,0.0033,0.0032,0.0034,0.0029,0.0033,0.003,0.0031,0.0033,0.0032,0.0028,0.0034,0.0029,0.0032,0.0032,0.0035,0.004,0.0039,0.0028,0.0031,0.0037,0.0032,0.003,0.0035,0.0034,0.0037,0.0029,0.0032,0.0031,0.003,0.003,0.0033,0.0035,0.0033,0.003,0.0032,0.0029,0.0028,0.0019,0.0017,0.0016,0.0019,0.0019,0.0016,0.0018,0.0018,0.0018,0.0015,0.0018,0.0019,0.0015,0.0019,0.0017,0.0019,0.0019,0.0018,0.0019,0.0019,0.0025,0.0017,0.0009,0.0003,0.003,0.002,0.0017,0.0016
0.0007,0.0007,0.0007,0.0012,0.0009,0.0012,0.0007,0.0005,0.0012,0.0012,0.0009,0.0012,0.0065,0.0021,0.0022,0.0022,0.0022,0.0022,0.0,0.6594,1.052,0.9384,15.2225,12.0194,0.0019,0.0014,0.002,0.002,0.0017,0.0015,0.0017,0.0016,0.0019,0.0017,0.0017,0.0017,0.0019,0.0015,0.0014,0.0019,0.0018,0.0015,0.0014,0.0017,0.0016,0.002,0.002,0.0014,0.0014,0.0014,0.0019,0.0016,0.0015,0.0017,0.0016,0.002,0.0019,0.002,0.0019,0.0014,0.0014,0.0013,0.0014,0.0017,0.0019,0.0014,0.0014,0.002,0.0014,0.0014,0.002,0.0017,0.0019,0.0013,0.0019,0.0014,0.0014,0.002,0.0014,0.0013,0.0014,0.0019,0.0014,0.0016,0.0014,0.0014,0.0019,0.0017,0.0016,0.0016,0.0014,0.0023,0.002,0.0014,0.0015,0.0014,0.0015,0.0017,0.002,0.0017,0.002,0.0014,0.0014,0.0022,0.0014,0.0019,0.002,0.0015,0.0016,0.0015,0.0015,0.0019,0.0014,0.002,0.0017,0.0014,0.0014,0.0017,0.0016,0.0014,0.0015,0.0015,0.0015,0.0015,0.0015,0.0015,0.002,0.0014,0.0016,0.0015,0.002,0.002,0.0022,0.0017,0.0017,0.0017,0.0015,0.0014,0.0019,0.0018,0.002,0.0014,0.0014,0.0017,0.0015,0.0019,0.0015,0.0015,0.0014,0.0014,0.0019,0.0014,0.002,0.0017,0.0014,0.0014,0.0014,0.0013,0.0015,0.0015,0.0019,0.0017,0.002,0.0016,0.0013,0.0014,0.0015,0.002,0.0017,0.0014,0.0016,0.002,0.0019,0.0015,0.0017,0.0019,0.0017,0.0015,0.0019,0.0015,0.0019,0.002,0.0018,0.0017,0.0015,0.0014,0.0016,0.0016,0.0013,0.0014,0.0018,0.002,0.0014,0.0153,0.0081,0.0075,0.0153,0.016,0.0065,0.0073,0.0158,0.0151,0.0074,0.014,0.0159,0.0074,0.0155,0.0069,0.0159,0.0157,0.0155,0.0158,0.0159,0.0178,0.0996,0.0065,0.0003,0.0015,0.0153,0.1009,0.0065
0.0007,0.0007,0.0007,0.0012,0.001,0.0012,0.0007,0.0005,0.0012,0.0012,0.0009,0.0012,0.0054,0.0022,0.0023,0.0023,0.0023,0.0023,0.6594,0.0,0.7193,0.6696,1.0317,1.1063,0.0018,0.0013,0.0019,0.0019,0.0016,0.0015,0.0016,0.0015,0.0018,0.0016,0.0016,0.0016,0.0018,0.0014,0.0013,0.0018,0.0017,0.0015,0.0013,0.0016,0.0015,0.0019,0.0019,0.0013,0.0014,0.0014,0.0018,0.0015,0.0014,0.0016,0.0015,0.0019,0.0018,0.0019,0.0018,0.0013,0.0013,0.0013,0.0013,0.0016,0.0018,0.0013,0.0013,0.0019,0.0013,0.0014,0.0019,0.0016,0.0018,0.0013,0.0018,0.0013,0.0014,0.0019,0.0014,0.0013,0.0013,0.0019,0.0013,0.0015,0.0013,0.0013,0.0018,0.0016,0.0015,0.0015,0.0013,0.0021,0.0019,0.0014,0.0014,0.0014,0.0014,0.0016,0.0019,0.0016,0.0019,0.0013,0.0014,0.002,0.0013,0.0018,0.0019,0.0015,0.0015,0.0015,0.0014,0.0018,0.0014,0.0019,0.0016,0.0013,0.0014,0.0016,0.0015,0.0014,0.0014,0.0015,0.0014,0.0014,0.0015,0.0014,0.0019,0.0013,0.0015,0.0014,0.0019,0.0019,0.0021,0.0016,0.0016,0.0016,0.0015,0.0014,0.0018,0.0017,0.0019,0.0013,0.0013,0.0016,0.0015,0.0018,0.0015,0.0015,0.0014,0.0014,0.0018,0.0013,0.0019,0.0016,0.0014,0.0014,0.0013,0.0013,0.0014,0.0014,0.0018,0.0016,0.0019,0.0015,0.0013,0.0013,0.0014,0.0019,0.0016,0.0014,0.0015,0.0019,0.0018,0.0014,0.0017,0.0018,0.0016,0.0015,0.0018,0.0014,0.0018,0.0019,0.0017,0.0016,0.0015,0.0013,0.0016,0.0015,0.0013,0.0013,0.0017,0.0019,0.0013,0.0117,0.0066,0.0061,0.0117,0.0121,0.0055,0.0061,0.012,0.0115,0.006,0.0107,0.012,0.0061,0.0118,0.0058,0.012,0.0119,0.0117,0.012,0.0121,0.014,0.0659,0.0058,0.0003,0.0015,0.0118,0.0797,0.0055
0.0007,0.0007,0.0008,0.0013,0.001,0.0013,0.0007,0.0005,0.0013,0.0013,0.0009,0.0013,0.0063,0.0023,0.0024,0.0024,0.0024,0.0024,1.052,0.7193,0.0,263.6694,1.1041,1.1254,0.002,0.0015,0.0021,0.0021,0.0018,0.0016,0.0018,0.0017,0.002,0.0018,0.0018,0.0018,0.002,0.0015,0.0015,0.002,0.0019,0.0016,0.0015,0.0018,0.0016,0.0021,0.0021,0.0014,0.0015,0.0015,0.002,0.0016,0.0016,0.0018,0.0017,0.0021,0.002,0.0021,0.002,0.0014,0.0015,0.0014,0.0014,0.0018,0.002,0.0015,0.0015,0.0021,0.0015,0.0015,0.0021,0.0017,0.002,0.0014,0.002,0.0014,0.0015,0.0021,0.0015,0.0014,0.0015,0.002,0.0014,0.0016,0.0014,0.0014,0.002,0.0018,0.0017,0.0017,0.0015,0.0024,0.0021,0.0015,0.0015,0.0015,0.0015,0.0018,0.0021,0.0018,0.0021,0.0014,0.0015,0.0023,0.0014,0.002,0.0021,0.0016,0.0017,0.0016,0.0016,0.002,0.0015,0.0021,0.0018,0.0015,0.0015,0.0018,0.0016,0.0015,0.0015,0.0016,0.0016,0.0016,0.0016,0.0015,0.0021,0.0015,0.0016,0.0015,0.0021,0.0021,0.0023,0.0017,0.0018,0.0018,0.0016,0.0015,0.002,0.0019,0.0021,0.0015,0.0014,0.0017,0.0016,0.002,0.0016,0.0016,0.0015,0.0015,0.002,0.0015,0.0021,0.0018,0.0015,0.0015,0.0014,0.0014,0.0015,0.0016,0.002,0.0018,0.0021,0.0017,0.0014,0.0015,0.0015,0.0021,0.0018,0.0015,0.0016,0.0021,0.002,0.0015,0.0018,0.002,0.0018,0.0016,0.002,0.0015,0.002,0.0021,0.0019,0.0018,0.0016,0.0015,0.0017,0.0016,0.0014,0.0014,0.0019,0.0021,0.0014,0.0147,0.0078,0.0072,0.0146,0.0152,0.0064,0.0072,0.0149,0.0142,0.007,0.0132,0.0151,0.0071,0.0148,0.0067,0.0151,0.0148,0.0146,0.015,0.0151,0.0187,0.0582,0.0056,0.0003,0.0016,0.0149,0.0599,0.0064
0.0007,0.0007,0.0008,0.0013,0.001,0.0013,0.0008,0.0005,0.0013,0.0013,0.0009,0.0013,0.0064,0.0023,0.0024,0.0024,0.0024,0.0024,0.9384,0.6696,263.6694,0.0,0.9748,0.992,0.002,0.0015,0.0021,0.0021,0.0018,0.0016,0.0018,0.0017,0.002,0.0018,0.0018,0.0018,0.002,0.0015,0.0015,0.002,0.0019,0.0016,0.0015,0.0018,0.0016,0.0021,0.0021,0.0014,0.0015,0.0015,0.002,0.0016,0.0016,0.0018,0.0017,0.0021,0.002,0.0021,0.002,0.0014,0.0015,0.0014,0.0014,0.0018,0.002,0.0015,0.0015,0.0021,0.0015,0.0015,0.0021,0.0018,0.002,0.0014,0.002,0.0015,0.0015,0.0021,0.0015,0.0014,0.0015,0.0021,0.0014,0.0016,0.0015,0.0014,0.002,0.0018,0.0017,0.0017,0.0015,0.0024,0.0021,0.0015,0.0015,0.0015,0.0015,0.0018,0.0021,0.0018,0.0021,0.0015,0.0015,0.0023,0.0015,0.002,0.0021,0.0016,0.0017,0.0016,0.0016,0.0021,0.0015,0.0021,0.0018,0.0015,0.0015,0.0018,0.0016,0.0015,0.0015,0.0016,0.0016,0.0016,0.0016,0.0015,0.0021,0.0015,0.0017,0.0015,0.0021,0.0021,0.0023,0.0018,0.0018,0.0018,0.0016,0.0015,0.002,0.0019,0.0021,0.0015,0.0015,0.0018,0.0016,0.002,0.0016,0.0016,0.0015,0.0015,0.0021,0.0015,0.0021,0.0018,0.0015,0.0015,0.0014,0.0014,0.0015,0.0016,0.002,0.0018,0.0021,0.0017,0.0014,0.0015,0.0015,0.0021,0.0018,0.0015,0.0017,0.0021,0.002,0.0015,0.0018,0.002,0.0018,0.0016,0.002,0.0015,0.002,0.0021,0.0019,0.0018,0.0016,0.0015,0.0017,0.0016,0.0014,0.0014,0.0019,0.0021,0.0014,0.0147,0.0078,0.0072,0.0147,0.0152,0.0064,0.0072,0.0149,0.0142,0.007,0.0132,0.0151,0.0071,0.0149,0.0068,0.0152,0.0149,0.0146,0.0151,0.0152,0.0188,0.0567,0.0055,0.0003,0.0016,0.015,0.0582,0.0064
0.0007,0.0007,0.0007,0.0012,0.0009,0.0012,0.0007,0.0005,0.0012,0.0012,0.0009,0.0012,0.0063,0.0021,0.0022,0.0022,0.0022,0.0022,15.2225,1.0317,1.1041,0.9748,0.0,877.0812,0.0018,0.0014,0.0019,0.0019,0.0017,0.0015,0.0017,0.0016,0.0019,0.0017,0.0017,0.0017,0.0018,0.0014,0.0014,0.0019,0.0018,0.0015,0.0014,0.0017,0.0015,0.0019,0.0019,0.0013,0.0014,0.0014,0.0019,0.0015,0.0015,0.0017,0.0016,0.0019,0.0019,0.0019,0.0019,0.0014,0.0014,0.0013,0.0013,0.0017,0.0019,0.0014,0.0014,0.0019,0.0014,0.0014,0.002,0.0016,0.0019,0.0013,0.0019,0.0014,0.0014,0.0019,0.0014,0.0013,0.0014,0.0019,0.0014,0.0015,0.0014,0.0013,0.0018,0.0017,0.0016,0.0016,0.0014,0.0022,0.0019,0.0014,0.0014,0.0014,0.0014,0.0017,0.002,0.0017,0.0019,0.0014,0.0014,0.0021,0.0014,0.0019,0.0019,0.0015,0.0016,0.0015,0.0015,0.0019,0.0014,0.0019,0.0017,0.0014,0.0014,0.0017,0.0015,0.0014,0.0014,0.0015,0.0015,0.0015,0.0015,0.0014,0.002,0.0014,0.0015,0.0014,0.002,0.002,0.0022,0.0016,0.0017,0.0017,0.0015,0.0014,0.0019,0.0018,0.0019,0.0014,0.0014,0.0016,0.0015,0.0018,0.0015,0.0015,0.0014,0.0014,0.0019,0.0014,0.0019,0.0016,0.0014,0.0014,0.0013,0.0013,0.0014,0.0015,0.0018,0.0017,0.0019,0.0016,0.0013,0.0014,0.0014,0.0019,0.0017,0.0014,0.0015,0.0019,0.0019,0.0014,0.0017,0.0019,0.0017,0.0015,0.0018,0.0014,0.0019,0.002,0.0017,0.0017,0.0015,0.0014,0.0016,0.0015,0.0013,0.0014,0.0017,0.0019,0.0013,0.0144,0.0077,0.0072,0.0144,0.015,0.0063,0.007,0.0148,0.0142,0.007,0.0132,0.0149,0.0071,0.0146,0.0066,0.0149,0.0147,0.0145,0.0149,0.0149,0.0168,0.0953,0.0064,0.0003,0.0015,0.0144,0.1018,0.0063
0.0007,0.0007,0.0007,0.0012,0.0009,0.0012,0.0007,0.0005,0.0012,0.0012,0.0009,0.0012,0.0062,0.0021,0.0022,0.0022,0.0022,0.0022,12.0194,1.1063,1.1254,0.992,877.0812,0.0,0.0018,0.0014,0.0019,0.0019,0.0017,0.0015,0.0017,0.0016,0.0019,0.0017,0.0017,0.0017,0.0018,0.0014,0.0014,0.0019,0.0018,0.0015,0.0014,0.0017,0.0015,0.0019,0.0019,0.0013,0.0014,0.0014,0.0019,0.0015,0.0015,0.0017,0.0016,0.0019,0.0019,0.0019,0.0019,0.0014,0.0014,0.0013,0.0013,0.0017,0.0019,0.0014,0.0014,0.0019,0.0014,0.0014,0.002,0.0016,0.0019,0.0013,0.0019,0.0014,0.0014,0.0019,0.0014,0.0013,0.0014,0.0019,0.0013,0.0015,0.0014,0.0013,0.0018,0.0017,0.0016,0.0016,0.0014,0.0022,0.0019,0.0014,0.0014,0.0014,0.0014,0.0017,0.002,0.0017,0.0019,0.0014,0.0014,0.0021,0.0014,0.0019,0.0019,0.0015,0.0016,0.0015,0.0015,0.0019,0.0014,0.0019,0.0017,0.0014,0.0014,0.0017,0.0015,0.0014,0.0014,0.0015,0.0015,0.0015,0.0015,0.0014,0.002,0.0014,0.0015,0.0014,0.002,0.002,0.0022,0.0016,0.0017,0.0017,0.0015,0.0014,0.0019,0.0018,0.0019,0.0014,0.0014,0.0016,0.0015,0.0018,0.0015,0.0015,0.0014,0.0014,0.0019,0.0014,0.0019,0.0016,0.0014,0.0014,0.0013,0.0013,0.0014,0.0015,0.0018,0.0017,0.0019,0.0016,0.0013,0.0014,0.0014,0.0019,0.0017,0.0014,0.0015,0.0019,0.0019,0.0014,0.0017,0.0019,0.0017,0.0015,0.0018,0.0014,0.0019,0.002,0.0017,0.0017,0.0015,0.0014,0.0016,0.0015,0.0013,0.0014,0.0017,0.0019,0.0013,0.0143,0.0077,0.0071,0.0143,0.0149,0.0062,0.007,0.0147,0.0141,0.007,0.0131,0.0148,0.0071,0.0144,0.0066,0.0148,0.0146,0.0144,0.0148,0.0148,0.0167,0.0941,0.0064,0.0003,0.0015,0.0143,0.1011,0.0063
0.0012,0.0013,0.0013,0.0026,0.0019,0.0025,0.0014,0.0009,0.0027,0.0027,0.0017,0.0299,0.0034,0.0034,0.0036,0.0035,0.0036,0.0036,0.0019,0.0018,0.002,0.002,0.0018,0.0018,0.0,0.0676,0.2978,0.3005,0.6889,0.1512,0.6841,0.2382,0.2022,0.6741,0.6844,0.655,16.7708,0.1004,0.0761,34.4702,1.7518,0.1487,0.0691,0.6912,0.1824,1.1862,0.5269,0.0609,0.0738,0.0722,0.203,0.1736,0.1406,0.8838,0.3019,0.5348,1.7776,0.3082,1.6717,0.064,0.073,0.0464,0.0491,0.4781,15.8367,0.0598,0.0712,0.5336,0.0682,0.0734,0.7195,0.3305,2.8619,0.0443,1158.4296,0.0699,0.0887,1.0655,0.0742,0.0504,0.0735,2.3996,0.0514,0.1686,0.0689,0.0564,13.9087,0.4142,0.2354,0.2153,0.073,0.122,0.2917,0.077,0.0893,0.0746,0.09,0.5816,0.7633,0.6685,0.5106,0.0666,0.074,0.0881,0.0698,18.6216,0.53,0.1471,0.2216,0.1508,0.1334,0.2061,0.0935,0.2824,0.681,0.0703,0.0866,0.5835,0.1798,0.0723,0.0911,0.1532,0.1368,0.1326,0.151,0.0909,0.5746,0.0705,0.1597,0.0908,0.6339,0.7954,0.0906,0.336,0.4046,0.6416,0.1478,0.0949,87.6319,1.7302,1.0747,0.0679,0.0702,0.3251,0.1477,1.8595,0.1515,0.151,0.0944,0.0773,0.2121,0.0714,0.1935,0.4066,0.0933,0.0938,0.0512,0.0433,0.0903,0.1318,1.8063,0.351,0.3016,0.2421,0.045,0.0727,0.0907,0.1821,0.662,0.0847,0.1659,1.2087,2.9677,0.1,0.6155,18.0683,0.684,0.155,15.3981,0.0906,19.7673,0.1475,0.9114,0.5109,0.1534,0.073,0.337,0.1689,0.0484,0.0662,1.028,0.1868,0.0635,0.0029,0.0032,0.0029,0.0029,0.0029,0.0034,0.0036,0.0028,0.0028,0.0029,0.0028,0.0029,0.0029,0.0029,0.0034,0.0029,0.0028,0.0028,0.0029,0.0029,0.0036,0.0016,0.001,0.0002,0.1468,0.0031,0.0015,0.0034
0.0013,0.0014,0.0014,0.0026,0.002,0.0026,0.0015,0.0009,0.0027,0.0028,0.0018,0.2088,0.0023,0.0029,0.0031,0.003,0.003,0.003,0.0014,0.0013,0.0015,0.0015,0.0014,0.0014,0.0676,0.0,0.0397,0.04,0.1325,0.3869,0.1338,0.3015,0.0372,0.1376,0.1074,0.1414,0.0702,0.2832,0.8179,0.064,0.0703,0.1714,248.7001,0.117,0.4401,0.0547,0.0432,1.0081,28.263,15.0119,0.0371,0.428,0.3573,0.1247,0.2164,0.0428,0.0586,0.04,0.0565,2.9438,18.8132,0.8961,0.4812,0.1047,0.0643,1.3443,22.8032,0.0427,313.9513,2.164,0.0504,0.1813,0.0591,0.72,0.0671,0.8085,2.2081,0.0536,2.1183,0.949,18.7254,0.0582,0.5849,0.3968,0.8711,1.8113,0.0703,0.1003,0.3089,0.2593,2.371,0.0238,0.0396,6.3809,1.0473,5.0653,1.0494,0.0927,0.0509,0.1381,0.0424,30.3755,4.6871,0.0226,0.802,0.0644,0.0433,0.172,0.2569,0.1759,0.3357,0.0369,0.4523,0.0393,0.1101,0.7365,0.47,0.0926,0.4417,13.4983,1.2037,0.3951,0.3435,0.3607,0.1746,1.3114,0.0485,0.7588,0.3504,1.2217,0.0498,0.0512,0.0222,0.1148,0.1101,0.0994,0.1714,0.3943,0.0661,0.0704,0.0535,361.6766,0.7727,0.1074,0.1719,0.0638,0.1742,0.1761,0.4095,0.6157,0.0373,17.1142,0.0354,0.1799,0.446,0.4324,0.6572,0.5416,1.0753,0.3625,0.0603,0.104,0.0399,0.303,0.6105,0.9243,1.0672,0.0351,0.1004,3.0712,0.3654,0.0542,0.0602,0.3735,0.0914,0.0643,0.1101,0.399,0.0706,1.2154,0.0644,0.0307,0.0836,0.0945,0.3937,19.0266,0.2124,0.3958,0.6668,26.8117,0.0831,0.0353,0.8817,0.002,0.0022,0.002,0.002,0.002,0.0023,0.0024,0.0019,0.0019,0.002,0.0019,0.002,0.002,0.002,0.0023,0.002,0.0019,0.0019,0.002,0.002,0.0024,0.0012,0.0008,0.0002,0.4052,0.0021,0.0011,0.0023
